COSMOS 1408 DEB         
1 49527U 82092Q   24322.15674400  .00088452  00000+0  48919-2 0  9997
2 49527  82.3689 229.4541 0242850 306.6997  51.2124 14.91788479157537
COSMOS 1408 DEB         
1 49537U 82092AA  24321.46703937  .00035814  00000+0  10608-2 0  9997
2 49537  82.5444 142.2833 0090995 247.3536 111.8062 15.30602041165061
COSMOS 1408 DEB         
1 49539U 82092AC  24321.72501323  .00728394  00000+0  12577-1 0  9991
2 49539  82.1468 202.6278 0107070 333.3895  26.1876 15.42656604157425
COSMOS 1408 DEB         
1 49619U 82092DL  24322.03606981  .00112506  00000+0  34938-2 0  9999
2 49619  81.9281 164.6760 0164118 330.1813  29.0141 15.20784528157675
COSMOS 1408 DEB         
1 50032U 82092RU  24321.41122380  .00008331  00000+0  20315-3 0  9992
2 50032  82.5640  98.0764 0017283 185.7047 174.4006 15.40547048165680
COSMOS 1408 DEB         
1 50058U 82092SW  24321.47832049  .00020994  00000+0  45086-3 0  9997
2 50058  82.6133 112.3458 0026439  96.8607 263.5651 15.44167134167308
COSMOS 1408 DEB         
1 50351U 82092ABM 24321.22991231  .00151298  00000+0  26111-2 0  9994
2 50351  82.5071 144.1654 0078633 267.0178  92.2071 15.47033926164699
COSMOS 1408 DEB         
1 50404U 82092ADS 24321.79109620  .00068822  00000+0  59249-2 0  9996
2 50404  82.2367 236.7529 0368487  42.5407 320.3719 14.56832451153952
COSMOS 1408 DEB         
1 50621U 82092ALR 24321.48009479  .00021742  00000+0  55054-3 0  9995
2 50621  82.5742 115.6325 0042313 136.3519 224.1086 15.38651973161995
COSMOS 1408 DEB         
1 50689U 82092APM 24321.77977757  .00088090  00000+0  72686-3 0  9993
2 50689  82.5064  84.3593 0025248  20.8712 339.3574 15.69599161162294
COSMOS 1408 DEB         
1 51184U 82092AZJ 24321.37926305  .00057673  00000+0  63073-3 0  9996
2 51184  82.4876  81.1271 0013810  31.3933 328.8147 15.62965182160152
COSMOS 1408 DEB         
1 51435U 82092BKH 24322.14646155  .00084037  00000+0  10596-2 0  9998
2 51435  82.5455 113.0886 0032483 148.7021 211.6178 15.58645042157671
COSMOS 1408 DEB         
1 52066U 82092BUU 24321.80942436  .00080686  00000+0  21336-2 0  9992
2 52066  82.5085 151.4565 0104076 302.8182  56.3069 15.32682183149606
