COSMOS 1408 DEB         
1 49527U 82092Q   24318.80219761  .00132886  00000+0  73990-2 0  9997
2 49527  82.3692 232.7027 0245757 317.9928  40.2666 14.90997239157034
COSMOS 1408 DEB         
1 49537U 82092AA  24318.59029767  .00033715  00000+0  10044-2 0  9991
2 49537  82.5451 145.1722 0091360 257.5978 101.5026 15.30399403164620
COSMOS 1408 DEB         
1 49539U 82092AC  24318.73712860  .00723393  00000+0  13875-1 0  9994
2 49539  82.1498 205.8351 0119309 343.2793  16.4528 15.38425358156969
COSMOS 1408 DEB         
1 49619U 82092DL  24318.87692881  .00160631  00000+0  50533-2 0  9991
2 49619  81.9279 168.0576 0167148 341.1275  18.3805 15.19861248157193
COSMOS 1408 DEB         
1 50032U 82092RU  24318.87796867  .00008838  00000+0  21590-3 0  9993
2 50032  82.5630 100.6520 0017086 194.9561 165.1183 15.40505726165290
COSMOS 1408 DEB         
1 50058U 82092SW  24318.88613783  .00022734  00000+0  49007-3 0  9991
2 50058  82.6123 114.9780 0026475 105.8200 254.5970 15.44054411166905
COSMOS 1408 DEB         
1 50351U 82092ABM 24318.51257071  .00147825  00000+0  26145-2 0  9997
2 50351  82.5081 146.9748 0079857 276.8372  82.3796 15.46261998164276
COSMOS 1408 DEB         
1 50404U 82092ADS 24318.83736926  .00074169  00000+0  64111-2 0  9997
2 50404  82.2370 239.5120 0370107  51.7417 311.6475 14.56403811153528
COSMOS 1408 DEB         
1 50621U 82092ALR 24318.48837804  .00023692  00000+0  60254-3 0  9996
2 50621  82.5727 118.6608 0042319 146.9450 213.4454 15.38518440161544
COSMOS 1408 DEB         
1 50689U 82092APM 24318.84665240  .00091465  00000+0  77085-3 0  9996
2 50689  82.5049  87.4965 0025424  31.7108 328.5678 15.69072891161830
COSMOS 1408 DEB         
1 51184U 82092AZJ 24318.81808910  .00057114  00000+0  63173-3 0  9993
2 51184  82.4867  83.8473 0013875  40.6990 319.5302 15.62674691159758
COSMOS 1408 DEB         
1 51435U 82092BKH 24318.16503313  .00102549  00000+0  13274-2 0  9998
2 51435  82.5445 117.2561 0033249 163.5995 196.6345 15.57867661157054
COSMOS 1408 DEB         
1 52066U 82092BUU 24318.28325052  .00091164  00000+0  24443-2 0  9994
2 52066  82.5098 155.0247 0105633 315.3537  43.9232 15.32084667149067
